Command Speeds

ls
0.001912617
0.001402573
0.001409224
0.001486129
0.001486129
0.001486129
0.001486129
0.001486129
0.001486129
0.001486129

echo
0.001120709
0.001099213
0.001123006
0.001007082
0.001358735
0.001474568
0.001199104
0.001338915
0.001121381
0.001356673

cp
0.019487041
0.009450218
0.010481222
0.009451389
0.010242964
0.008793078
0.009218598
0.009769073
0.008308778
0.011376641

mv
0.001874381
0.003294622
0.001692622
0.001504379
0.001615981
0.002129357
0.003375404
0.001384595
0.001951768
0.001430997

clear
0.001548829
0.002947640
0.002688088
0.001211114
0.001282307
0.001084551
0.001066945
0.001251929
0.001673116
0.001655077

rm
0.003049027
0.003080691
0.003827657
0.004008435
0.003848326
0.003214961
0.003012715
0.002727529
0.003408290
0.004498119

diff
0.001543643
0.001428648
0.002228584
0.001887332
0.001416200
0.001840690
0.001674816
0.001677632
0.001889832
0.001392858

grep
0.001865354
0.002230981
0.001820095
0.001898249
0.001663572
0.002337616
0.001453967
0.002029506
0.001658263
0.001486009

man
0.031956702
0.032502971
0.043733185
0.032413977
0.038219438
0.031357020
0.040945734
0.039338063
0.035468690
0.034677772

pwd
0.001235695
0.001777217
0.001285415
0.001243804
0.001145765
0.001140390
0.001204992
0.001614170
0.001140624
0.001326324

date
0.001395858
0.001479279
0.001294872
0.002536100
0.001191925
0.001503451
0.001487619
0.001047529
0.001208276
0.001391325

mkdir
0.001500330
0.002240719
0.001402801
0.001578805
0.002753231
0.001898962
0.001493513
0.001551530
0.001581842
0.002095968

rmdir
0.001818784
0.001790121
0.001347814
0.001819068
0.001186554
0.001261256
0.001055107
0.001366014
0.001192728
0.002185566

ps
0.015333214
0.012499690
0.009366134
0.022932743
0.011617600
0.009565175
0.010106710
0.013389552
0.013765581
0.011455236

cat
0.002483763
0.001826059
0.001203370
0.001130528
0.001543052
0.002457377
0.001278579
0.001097242
0.000989300
0.001243060

tree
0.001755390
0.002080978
0.002049237
0.001994347
0.001640219
0.001933558
0.002520430
0.001548542
0.003562854
0.002242848

>
0.001333418
0.001157578
0.001133627
0.001280344
0.001108904
0.001288452
0.001038924
0.001038024
0.001475446
0.001452041

>>
0.001194564
0.002519606
0.000902413
0.001222354
0.001739244
0.001363817
0.001151257
0.001316335
0.001376483
0.001352136

Network Speed
29.20, 10.85
27.78, 10.86
26.56, 10.86
28.16, 10.86
30.66, 10.89
31.23, 10.72
31.57, 10.88
23.80, 10.89
31.76, 10.89
33.35, 10.89

Benchmark Suite Tests

https://browser.geekbench.com/v6/cpu/944171
https://browser.geekbench.com/v6/cpu/944205
https://browser.geekbench.com/v6/cpu/944259

https://openbenchmarking.org/result/2304166-NE-OSBENCHRE18
https://openbenchmarking.org/result/2304162-NE-OSBENCHRE37
https://openbenchmarking.org/result/2304165-NE-OSBENCHRE13

https://openbenchmarking.org/result/2304164-NE-PERFBENCH35
https://openbenchmarking.org/result/2304162-NE-PERFBENCH30
https://openbenchmarking.org/result/2304170-NE-PERFBENCH90

https://openbenchmarking.org/result/2304176-NE-RAMSPEEDR79

https://openbenchmarking.org/result/2304179-NE-CACHEBENC74
https://openbenchmarking.org/result/2304179-NE-CACHEBENC74

Startup Time

11.56
10.36
10.63
10.46
11.23

Write Speed

1.8 GB/s
986 MB/s
986 MB/s
1.0 GB/s
982 MB/s
974 MB/s
1.0 GB/s
968 MB/s
968 MB/s
991 MB/s

Read Speed

1.6 GB/s
1.6 GB/s
1.7 GB/s
1.6 GB/s
1.5 GB/s
1.5 GB/s
1.5 GB/s
1.6 GB/s
1.6 GB/s
1.6 GB/s

gcc Build Speed

0.046319711
0.049748608
0.064456204
0.040586818
0.042778939
0.060846748
0.044243237
0.042307725
0.043485912
0.055209336
0.043865852

Follow this for windows: https://www.makeuseof.com/ways-test-ssd-speed-performance/
